# FTSE Framework — Daily Setup
# Generated: 2026-07-14 06:00:04

# Trade date: 14/07/2026


trade_date=14/07/2026
d1_uk=10495.83
d1_eve=10491.70
d2_uk=10496.10
d2_eve=10528.40
d3_uk=10468.20
ma20=10508.48
s1=-4.13
s2b=-4.61
s2a=-8.74
entry_ceiling=10501.70
e_drift_uk_minus_trigger=10528.40
short_levels=10468.20,10491.70,10495.83,10496.10,10528.40
t1=10495.83
t2=10528.40
t3=10468.20
quadrant=E-Drift-UK-
last_rsi_bar=12:30
account_value=0.00
above_ma=0
long_valid=0
short_valid=1
e_drift_uk_minus_exception=0
open_price=10468.50
position=SHORT
entry_px=10454.00
best_profit=0.00
trades_today=0
rsi_closes=10455.80,10461.30,10462.50,10468.60,10476.00,10475.20,10477.10,10476.90,10476.80,10480.20,10483.70,10485.90,10482.40,10490.90,10491.40,10488.60,10489.10,10491.50,10490.00,10489.00,10490.10,10493.60,10495.50,10495.20,10502.60,10502.10,10494.40,10490.20,10489.90,10486.30,10477.30,10474.40,10469.20,10470.80,10489.10,10488.80,10473.10,10466.40,10465.70,10455.20,10451.00,10438.40,10441.90,10448.80,10448.00,10450.90,10441.90,10444.10,10442.10,10431.00,10443.60,10455.20,10451.00,10438.40,10441.90,10448.80,10448.00,10450.90,10441.90,10444.10,10445.60,10431.00,10443.60,10440.20,10437.80,10433.80,10433.50,10426.10,10434.40,10426.20,10436.40,10439.00,10445.90,10439.10,10445.30,10439.00,10434.30,10443.20,10443.90,10451.10,10456.20,10452.50,10459.00,10463.10,10455.70,10461.30,10457.00,10453.50,10451.60,10456.00,10449.70,10456.10,10452.80,10451.80,10457.30,10457.30,10457.90,10457.10,10470.40,10476.20
rsi_highs=10456.80,10461.80,10465.80,10468.60,10476.30,10478.70,10478.60,10477.90,10480.00,10481.70,10483.90,10486.60,10486.10,10492.40,10493.10,10498.40,10492.40,10492.30,10491.50,10491.70,10493.20,10503.10,10498.30,10497.50,10503.40,10506.30,10502.30,10498.50,10492.30,10490.60,10487.30,10479.10,10479.30,10474.10,10491.10,10495.10,10490.40,10478.30,10468.80,10468.00,10455.20,10455.20,10441.90,10451.30,10450.00,10461.40,10452.60,10444.50,10446.20,10443.10,10444.40,10468.00,10455.20,10455.20,10441.90,10451.30,10450.00,10461.40,10452.60,10444.50,10446.10,10443.10,10444.40,10442.40,10438.60,10434.10,10434.10,10427.00,10434.40,10426.70,10436.50,10440.40,10447.90,10439.60,10445.80,10439.00,10435.60,10444.00,10443.90,10451.60,10456.70,10454.60,10459.10,10463.40,10455.70,10461.30,10457.00,10454.00,10451.80,10456.60,10449.80,10457.40,10453.10,10456.10,10459.90,10458.10,10462.40,10461.80,10474.10,10478.20
rsi_lows=10453.30,10455.50,10460.30,10462.50,10467.80,10473.60,10474.20,10473.80,10476.80,10474.60,10478.20,10483.00,10481.90,10485.10,10489.40,10488.60,10488.40,10487.60,10487.60,10487.80,10488.40,10491.60,10493.00,10492.50,10495.40,10500.30,10490.90,10489.40,10487.70,10484.00,10475.80,10474.00,10466.20,10455.50,10468.60,10479.20,10470.70,10465.50,10461.80,10448.70,10444.90,10436.40,10426.30,10439.40,10437.90,10443.40,10439.80,10438.70,10440.10,10429.80,10428.30,10448.70,10444.90,10436.40,10426.30,10439.40,10437.90,10443.40,10439.80,10438.70,10444.90,10429.80,10428.30,10440.00,10437.60,10433.80,10433.50,10425.80,10433.60,10425.70,10435.80,10439.00,10445.90,10439.10,10445.10,10438.50,10433.90,10443.10,10443.40,10450.90,10455.90,10449.50,10458.70,10462.80,10455.20,10460.80,10456.70,10452.50,10451.30,10456.00,10448.80,10456.00,10452.80,10447.00,10454.90,10452.70,10457.50,10456.70,10466.00,10474.00
